52.34 56.78 57.89 60.00 61.00 62.00 51.23 52.34 53.45
54.67 57.78 60.89 52.12 53.23 54.34 60.98 61.09 62.10
15.67 18.56 22.12 15.67 18.56 23.12 16.67 19.56 23.12
21 22 23 24 25 26 21 22 20
-14.75 -15.00 -16.25 -17.00 -18.50 -19.75 -14.00 -15.00 -16.00
52.34 56.78 57.89 90.23 95.34 87.54 65.56 67.74 69.91
-41.37 -45.56 -43.36 -39.91 -22.34 -27.75 60.00 61.00 62.00
11.23 -12.45 13.43 -21.24 22.45 -24.98 12.21 11.23 -17.45
31.21 35.56 -37.87 41.21 -47.72 48.98 -19.23 19.24 19.57 
54.67 57.78 60.89 52.12 53.23 54.34 60.98 61.09 62.10

